4568,
5069,
7646,
7669,
26379,
27180,
27647,
27724,
27751,
30991,
31026,
31193,
31502,
32352,
38198,
48268,
49917,
51185,
52281,
53827,
53883,
55207,
57772,
61406,
62972,
63433,
64167,
65359,
66544,
66934,
68482,
69241,
69524,
69849,
70186,
70828,
73370,
77177,
77328,
77330,
77359,
77770,
77854,
79222,
84663,
86237,
86487,
89985,
92222,
92475,
93040,
93126,
93988,
95604,
96075,
96471,
96473,
96486,
96520,
99764,
100044,
100046,
100058,
101850,
104072,
105011,
105250,
107137,
108056,
108727,
108977,
109889,
115969,
116002,
116136,
116261,
116975,
118392,
118854,
119139,
119565,
120486,
121035,
121111,
121159,
122282,
122908,
122926,
123107,
123288,
126020,
126430,
126929,
127180,
127390,
128320,
129032,
131050,
131724,
132492,
132524,
137859,
137904,
139130,
139195,
139879,
140441,
140481,
140709,
140737,
141402,
141816,
142115,
143990,
144050,
146002,
146329,
147124,
147290,
147328,
147330,
149650,
150220,
151763,
152284,
154941,
155109,
155968,
157498,
158092,
158538,
158846,
158848,
159817,
159819,
162864,
163809,
163921,
164260,
164387,
165069,
165123,
165395,
165963,
168244,
168910,
169782,
169906,
169954,
170273,
170477,
170705,
171011,
172511,
172909,
174035,
174181,
174829,
175693,
176075,
176653,
176887,
177951,
179135,
180263,
181217,
183461,
183507,
183957,
184257,
185231,
185927,
188625,
189059,
191997,
194797,
199538,
4207,
42591,
43351,
90647,
91634,
93490,
94041,
95717,
96518,
100157,
107400,
115977,
118908,
118916,
119567,
121119,
122260,
122292,
126106,
128862,
135182,
135202,
135240,
143506,
143709,
148214,
148216,
148236,
151357,
156791,
157278,
157793,
158094,
160317,
161175,
167052,
170127,
170451,
170727,
170915,
172471,
172497,
172661,
173143,
173535,
173873,
174403,
174719,
174841,
176883,
176997,
177071,
177501,
179437,
182613,
186777,
189481,
189483,
194973,
195529,
196619,
203898,
205128,
205257,
205775,
206939,
210539,
210909,
217741,
224711,
227084,
228099,
229513,
229773,
229951,
237658,
237946,
239040,
239316,
239500,
241064,
245514,
251388,
252710,
267394
