7646,
7669,
26379,
27647,
27724,
27751,
31502,
43351,
48268,
49917,
51185,
53827,
53883,
57772,
61406,
62972,
64167,
65359,
66544,
66934,
68482,
69241,
69849,
70186,
70828,
73370,
77177,
79222,
84663,
86237,
86487,
89985,
92222,
92475,
93040,
93126,
93490,
93988,
94041,
95717,
96075,
96471,
96473,
96486,
96518,
96520,
100044,
100046,
101850,
104072,
105011,
105250,
107137,
107400,
108056,
108977,
109889,
115969,
115977,
116002,
116136,
116261,
116975,
118392,
118854,
118908,
119139,
119565,
119567,
121035,
121111,
121119,
121159,
122260,
122282,
122292,
122908,
123107,
123288,
126430,
126929,
127180,
128320,
128862,
129032,
131724,
132492,
135182,
135202,
135240,
137904,
139130,
139195,
139879,
140441,
140709,
140737,
141816,
142115,
143709,
143990,
146002,
146329,
147124,
147290,
148214,
148216,
149650,
150220,
151357,
151585,
152284,
154941,
155968,
157278,
157498,
158094,
158538,
158846,
158848,
159817,
160317,
163809,
163921,
164260,
164387,
165069,
165123,
167052,
168244,
169782,
169906,
169954,
170127,
170273,
170451,
170705,
170915,
171011,
172471,
172661,
174181,
174403,
174841,
176075,
176997,
177071,
177951,
179135,
179437,
180263,
183461,
184257,
185927,
188625,
194973,
195529,
196619,
199538,
203898,
205128,
205257,
206939,
210539,
210925,
224711,
228099,
229773,
229951,
239316,
245514,
251388,
252710,
26804,
71007,
80137,
80599,
88376,
92079,
94394,
95604,
102672,
106082,
112809,
115895,
115937,
118878,
118916,
120843,
121249,
122575,
122711,
125950,
125958,
126068,
127288,
130514,
131166,
132192,
133183,
135430,
135539,
135745,
135939,
136000,
141735,
145100,
147332,
147370,
147732,
148101,
148761,
150726,
151629,
155109,
155816,
156383,
158510,
159155,
160432,
161175,
161474,
161504,
162808,
163026,
163076,
164445,
164749,
164803,
165825,
165923,
166175,
166518,
166878,
166920,
167026,
167570,
167678,
168716,
168748,
168910,
169960,
170277,
170727,
170745,
171155,
171333,
171495,
171749,
172497,
172631,
172723,
172903,
172905,
172913,
172915,
173143,
174035,
174457,
174485,
174905,
176171,
176329,
176395,
176585,
176795,
180067,
182433,
182723,
183287,
183507,
183561,
184003,
184135,
184357,
184423,
184517,
184593,
185367,
186777,
188933,
189447,
189481,
189483,
190775,
191347,
191697,
192001,
195085,
195217,
196097,
196345,
196973,
199710,
200496,
200646,
201821,
201939,
202045,
202399,
202827,
203368,
203881,
203922,
204802,
205775,
206282,
207513,
208799,
208806,
213119,
214936,
216454,
217137,
217721,
217739,
217741,
219201,
219717,
222211,
224398,
226650,
228791,
234301,
236961,
237231,
237658,
237856,
237946,
240340,
241064,
245350,
256991,
263965,
267394,
269898,
273275,
274651
